0.000000000000000000e+00 -6.068930831622132427e-02 
5.000000000000000278e-02 -8.486667118308037494e-02 
1.000000000000000056e-01 -9.902534344358597529e-02 
1.500000000000000222e-01 -1.090940573896680976e-01 
2.000000000000000111e-01 -1.168454205816629038e-01 
2.500000000000000000e-01 -1.230534218607728381e-01 
3.000000000000000444e-01 -1.281367507469649003e-01 
3.500000000000000333e-01 -1.323533959582719743e-01 
4.000000000000000222e-01 -1.358754912993198616e-01 
4.500000000000000111e-01 -1.388242001860548192e-01 
5.000000000000000000e-01 -1.412881320091732840e-01 
5.500000000000000444e-01 -1.433316069041596641e-01 
6.000000000000000888e-01 -1.450035548652812978e-01 
6.500000000000000222e-01 -1.463373334860183228e-01 
7.000000000000000666e-01 -1.473740000993268018e-01 
7.500000000000000000e-01 -1.481247711349055751e-01 
8.000000000000000444e-01 -1.485757198077948815e-01 
8.500000000000000888e-01 -1.487157752008135547e-01 
9.000000000000000222e-01 -1.485279323275192076e-01 
9.500000000000000666e-01 -1.479819261240920281e-01 
1.000000000000000000e+00 -1.470317305483849202e-01 
1.050000000000000044e+00 -1.456243714983643800e-01 
1.100000000000000089e+00 -1.436814564356908852e-01 
1.150000000000000133e+00 -1.410995406825124032e-01 
1.200000000000000178e+00 -1.377562617283916158e-01 
1.250000000000000000e+00 -1.334704450279935173e-01 
1.300000000000000044e+00 -1.279947176924401409e-01 
1.350000000000000089e+00 -1.208981058891553800e-01 
1.400000000000000133e+00 -1.115423128014699644e-01 
1.450000000000000178e+00 -9.905798079417854618e-02 
1.500000000000000000e+00 -7.980738801659525983e-02 
1.550000000000000044e+00 4.150677650830399829e-02 
1.600000000000000089e+00 8.814769723480309072e-02 
1.650000000000000133e+00 1.103112827668349116e-01 
1.700000000000000178e+00 1.274825802007116815e-01 
1.750000000000000000e+00 1.425910178543586815e-01 
1.800000000000000044e+00 1.562277875637005375e-01 
1.850000000000000089e+00 1.687656649695214450e-01 
1.900000000000000133e+00 1.805122258175790306e-01 
1.950000000000000178e+00 1.916457935468884044e-01 
2.000000000000000000e+00 2.022313961480114441e-01 
2.050000000000000266e+00 2.123029497216167294e-01 
2.100000000000000089e+00 2.219346791822374154e-01 
2.149999999999999911e+00 2.311540037523642233e-01 
2.200000000000000178e+00 2.399550714935357043e-01 
2.250000000000000000e+00 2.482727555149866483e-01 
2.300000000000000266e+00 2.561961621329420513e-01 
2.350000000000000089e+00 2.637193628669814438e-01 
2.400000000000000355e+00 2.708479881798072086e-01 
2.450000000000000178e+00 2.775847626373007526e-01 
2.500000000000000000e+00 2.839458120765006033e-01 
2.550000000000000266e+00 2.899127517436018153e-01 
2.600000000000000089e+00 2.954307943627163535e-01 
2.650000000000000355e+00 3.005015702765297947e-01 
2.700000000000000178e+00 3.050922397578706424e-01 
2.750000000000000000e+00 3.091911876493810829e-01 
2.800000000000000266e+00 3.128378908244086598e-01 
2.850000000000000089e+00 3.160331048322154723e-01 
2.900000000000000355e+00 3.187651549335686618e-01 
2.950000000000000178e+00 3.210414642894878767e-01 
3.000000000000000000e+00 3.228807705861871935e-01 
3.050000000000000266e+00 3.242495475696240415e-01 
3.100000000000000089e+00 3.251492339307025525e-01 
3.150000000000000355e+00 3.255922615044729573e-01 
3.200000000000000178e+00 3.255805556917159005e-01 
3.250000000000000000e+00 3.251180667180648687e-01 
3.300000000000000266e+00 3.242070738234404392e-01 
3.350000000000000089e+00 3.228591365518269640e-01 
3.400000000000000355e+00 3.210769246511765984e-01 
3.450000000000000178e+00 3.188624444855857609e-01 
3.500000000000000000e+00 3.162285765703948814e-01 
3.550000000000000266e+00 3.131862203920297016e-01 
3.600000000000000089e+00 3.097423686690614630e-01 
3.650000000000000355e+00 3.059057048997449457e-01 
3.700000000000000178e+00 3.016900425695140386e-01 
3.750000000000000000e+00 2.971005595097660490e-01 
3.800000000000000266e+00 2.921527287671973339e-01 
3.850000000000000089e+00 2.868566906111738590e-01 
3.900000000000000355e+00 2.812267432324524474e-01 
3.950000000000000178e+00 2.752661269100288299e-01 
4.000000000000000000e+00 2.689935330223103271e-01 
4.049999999999999822e+00 2.624200050682754526e-01 
4.100000000000000533e+00 2.555542219472330956e-01 
4.150000000000000355e+00 2.484093089574974378e-01 
4.200000000000000178e+00 2.409887606778535474e-01 
4.250000000000000000e+00 2.332960260180417522e-01 
4.299999999999999822e+00 2.253350820119816578e-01 
4.350000000000000533e+00 2.171145594060247541e-01 
4.400000000000000355e+00 2.086277059481734253e-01 
4.450000000000000178e+00 1.998646224027267049e-01 
4.500000000000000000e+00 1.907980705148359934e-01 
4.549999999999999822e+00 1.814082492524865253e-01 
4.600000000000000533e+00 1.716542993663507377e-01 
4.650000000000000355e+00 1.614568547315745339e-01 
4.700000000000000178e+00 1.507203937725308529e-01 
4.750000000000000000e+00 1.392740265338025529e-01 
4.800000000000000711e+00 1.268463632530130725e-01 
4.850000000000000533e+00 1.129423633506598246e-01 
4.900000000000000355e+00 9.647014277753653000e-02 
4.950000000000000178e+00 7.444051456390984867e-02 
5.000000000000000000e+00 -2.609858912946708825e-02 
5.050000000000000711e+00 -7.432263420577335522e-02 
5.100000000000000533e+00 -9.180768717602169615e-02 
5.150000000000000355e+00 -1.033378136489624538e-01 
5.200000000000000178e+00 -1.118468551362075403e-01 
5.250000000000000000e+00 -1.184093383680406980e-01 
5.300000000000000711e+00 -1.236712787084725262e-01 
5.350000000000000533e+00 -1.279014309910229685e-01 
5.400000000000000355e+00 -1.313746428513217768e-01 
5.450000000000000178e+00 -1.341999875078849769e-01 
5.500000000000000000e+00 -1.365075312961858689e-01 
5.550000000000000711e+00 -1.383031548994640147e-01 
5.600000000000000533e+00 -1.397174626913684492e-01 
5.650000000000000355e+00 -1.407388791561393349e-01 
5.700000000000000178e+00 -1.414142918511277214e-01 
5.750000000000000000e+00 -1.417636832228041377e-01 
5.800000000000000711e+00 -1.418160104907538743e-01 
5.850000000000000533e+00 -1.415267589130917991e-01 
5.900000000000000355e+00 -1.408679456071779135e-01 
5.950000000000000178e+00 -1.398107556448165700e-01 
6.000000000000000000e+00 -1.382946692981079362e-01 
6.050000000000000711e+00 -1.362489375396142288e-01 
6.100000000000000533e+00 -1.335776665853006251e-01 
6.150000000000000355e+00 -1.301502865383289687e-01 
6.200000000000000178e+00 -1.257774686503317640e-01 
6.250000000000000000e+00 -1.201867120062417721e-01 
6.300000000000000711e+00 -1.129574153825037147e-01 
6.350000000000000533e+00 -1.034038299630617441e-01 
6.400000000000000355e+00 -9.029761357131602106e-02 
6.450000000000000178e+00 -6.783481028997914719e-02 
6.500000000000000000e+00 5.943595384393460940e-02 
6.550000000000000711e+00 9.143302062317400225e-02 
6.600000000000000533e+00 1.108326917919142812e-01 
6.650000000000000355e+00 1.265357693113589865e-01 
6.700000000000000178e+00 1.406346869637856989e-01 
6.750000000000000000e+00 1.535342310822492284e-01 
6.800000000000000711e+00 1.654936069129907816e-01 
6.850000000000000533e+00 1.768170649465146682e-01 
6.900000000000000355e+00 1.876103119686893528e-01 
6.950000000000000178e+00 1.979237649383198683e-01 
7.000000000000000000e+00 2.078006673370206836e-01 
7.050000000000000711e+00 2.173005975448477900e-01 
7.100000000000000533e+00 2.264337853289812019e-01 
7.150000000000000355e+00 2.352352389855758008e-01 
7.200000000000000178e+00 2.435929087544109750e-01 
7.250000000000000000e+00 2.515633019625025946e-01 
7.300000000000000711e+00 2.591958069921366237e-01 
7.350000000000000533e+00 2.664517832519792684e-01 
7.400000000000000355e+00 2.733489142100032354e-01 
7.450000000000000178e+00 2.798792411086639675e-01 
7.500000000000000000e+00 2.860565991491669791e-01 
7.550000000000000711e+00 2.918394833561870350e-01 
7.600000000000000533e+00 2.971959916716550021e-01 
7.650000000000000355e+00 3.021219798713088989e-01 
7.700000000000000178e+00 3.065753115449297850e-01 
7.750000000000000000e+00 3.105580890237455982e-01 
7.800000000000000711e+00 3.140989702119592608e-01 
7.850000000000000533e+00 3.171990037721581501e-01 
7.900000000000000355e+00 3.198446777420932419e-01 
7.950000000000000178e+00 3.220439148766586768e-01 
8.000000000000000000e+00 3.238136368331748227e-01 
8.050000000000000711e+00 3.251173829199944798e-01 
8.099999999999999645e+00 3.259592463967561082e-01 
8.150000000000000355e+00 3.263495335508954653e-01 
8.200000000000001066e+00 3.262895352509473934e-01 
8.250000000000000000e+00 3.257830402998820873e-01 
8.300000000000000711e+00 3.248317556949713580e-01 
8.349999999999999645e+00 3.234470143864491831e-01 
8.400000000000000355e+00 3.216304675717156503e-01 
8.450000000000001066e+00 3.193844008244695609e-01 
8.500000000000000000e+00 3.167220369208419428e-01 
8.550000000000000711e+00 3.136530718073692880e-01 
8.599999999999999645e+00 3.101841077817311110e-01 
8.650000000000000355e+00 3.063248998685624280e-01 
8.700000000000001066e+00 3.020876773324419062e-01 
8.750000000000000000e+00 2.974783416689602000e-01 
8.800000000000000711e+00 2.925120846350445225e-01 
8.849999999999999645e+00 2.871986570333388000e-01 
8.900000000000000355e+00 2.815525435609990135e-01 
8.950000000000001066e+00 2.755770201352547577e-01 
9.000000000000000000e+00 2.692903566642639857e-01 
9.050000000000000711e+00 2.627039262424893384e-01 
9.099999999999999645e+00 2.558260697910231807e-01 
9.150000000000000355e+00 2.486700515184405436e-01 
9.200000000000001066e+00 2.412392522505169279e-01 
9.250000000000000000e+00 2.335368384001534903e-01 
9.300000000000000711e+00 2.255675874898241950e-01 
9.349999999999999645e+00 2.173390031301352665e-01 
9.400000000000000355e+00 2.088457965557409257e-01 
9.450000000000001066e+00 2.000766287711439051e-01 
9.500000000000000000e+00 1.910053345963270421e-01 
9.550000000000000711e+00 1.816119722874559583e-01 
9.600000000000001421e+00 1.718567009764208897e-01 
9.650000000000000355e+00 1.616594722470242884e-01 
9.700000000000001066e+00 1.509260158390586803e-01 
9.750000000000000000e+00 1.394870856631622580e-01 
9.800000000000000711e+00 1.270736646302589035e-01 
9.850000000000001421e+00 1.131967519904746589e-01 
9.900000000000000355e+00 9.674584873761318815e-02 
9.950000000000001066e+00 7.481775783421930337e-02 
